Reacoes de apoio [N]
[[3900.]
 [2900.]
 [1600.]]

Deslocamentos [m]
[[ 0.        ]
 [ 0.        ]
 [ 0.00100474]
 [-0.00431173]
 [ 0.00035977]
 [-0.00466313]
 [ 0.00025974]
 [-0.00443928]
 [ 0.00055859]
 [-0.00463759]
 [-0.00032427]
 [-0.00424778]
 [ 0.00116451]
 [ 0.        ]]

Deformacoes []
[[-0.00639516]
 [-0.00449315]
 [-0.00377645]
 [-0.00352836]
 [-0.00075561]
 [ 0.00075561]
 [ 0.00191125]
 [-0.00191125]
 [ 0.00187379]
 [ 0.00103552]
 [ 0.00315587]]

Forcas internas [N]
[[-6484.59713475]
 [-4555.98850416]
 [-3829.26641147]
 [-3577.708764  ]
 [ -766.17964604]
 [  766.17964604]
 [ 1937.98381056]
 [-1937.98381056]
 [ 1900.        ]
 [ 1050.        ]
 [ 3200.        ]]

Tensoes internas [Pa]
[[-1.23516136e+09]
 [-8.67807334e+08]
 [-7.29384078e+08]
 [-6.81468336e+08]
 [-1.45938980e+08]
 [ 1.45938980e+08]
 [ 3.69139773e+08]
 [-3.69139773e+08]
 [ 3.61904762e+08]
 [ 2.00000000e+08]
 [ 6.09523810e+08]]